textName: Silk Cut Jaguar XJR-9
source: Racing
rating: 3
pattern: 
colorPrimary:
  r: 0.96078
  g: 0.96078
  b: 0.96078
  a: 0
colorSecondary:
  r: 0.32941
  g: 0.14510
  b: 0.31765
  a: 0
colorTertiary:
  r: 0.92549
  g: 0.65490
  b: 0.00392
  a: 0
materialPrimary:
  x: 0
  y: 0.5
  z: 0.8
  w: 0.4
materialSecondary:
  x: 0
  y: 0.5
  z: 0.8
  w: 0.4
materialTertiary:
  x: 0
  y: 0.5
  z: 0.8
  w: 0.4
effect:
  x: 0
  y: 0
  z: 0
  w: 0
