textName: Durandal
source: Front Mission 4
rating: 3
pattern: 
colorPrimary:
  r: 0.4392156
  g: 0.4627450
  b: 0.5176470
  a: 0
colorSecondary:
  r: 0.2
  g: 0.2117647
  b: 0.2313725
  a: 0
colorTertiary:
  r: 0.2745098
  g: 0.3176470
  b: 0.3882352
  a: 0
materialPrimary:
  x: 0
  y: 0.5
  z: 0.8
  w: 0.1
materialSecondary:
  x: 0
  y: 0.5
  z: 0.8
  w: 0.1
materialTertiary:
  x: 0
  y: 0.5
  z: 0.8
  w: 0.1
effect:
  x: 0
  y: 0
  z: 0
  w: 0
