textName: Unit-01
source: Evangelion
rating: 3
pattern: 
colorPrimary:
  r: 0.58824
  g: 0.37255
  b: 0.83137
  a: 0
colorSecondary:
  r: 0.16078
  g: 0.11373
  b: 0.17647
  a: 0
colorTertiary:
  r: 0.54510
  g: 0.83137
  b: 0.31373
  a: 0
materialPrimary:
  x: 0
  y: 0.5
  z: 0.8
  w: 0.2
materialSecondary:
  x: 0
  y: 0.5
  z: 0.8
  w: 0.2
materialTertiary:
  x: 0
  y: 0.5
  z: 0.8
  w: 0.2
effect:
  x: 0
  y: 0
  z: 0
  w: 0
