textName: Wulong Mercenaries
source: Front Mission 3
rating: 3
pattern: 
colorPrimary:
  r: 0.4705882
  g: 0.1568627
  b: 0.2
  a: 0
colorSecondary:
  r: 0.2352941
  g: 0.2196078
  b: 0.2509803
  a: 0
colorTertiary:
  r: 0.4039234
  g: 0.4352941
  b: 0.3921568
  a: 0
materialPrimary: &o0
  x: 0
  y: 0.3
  z: 0.5
  w: 0.1
materialSecondary: *o0
materialTertiary:
  x: 0
  y: 0.5
  z: 1
  w: 0.1
effect:
  x: 0
  y: 0
  z: 0
  w: 0
